define(['dart_sdk'], (function load__packages__pdf__src__pdf__font__type1_fonts_dart(dart_sdk) {
  'use strict';
  const core = dart_sdk.core;
  const dart = dart_sdk.dart;
  const dartx = dart_sdk.dartx;
  var type1_fonts = Object.create(dart.library);
  dart._checkModuleNullSafetyMode(true);
  dart._checkModuleRuntimeTypes(false);
  const CT = Object.create({
    _: () => (C, CT)
  });
  dart.defineLazy(CT, {
    get C0() {
      return C[0] = dart.constList([0.5, 0.5, 0.5, 0.5, 0.5, 0.5, 0.5, 0.5, 0.5, 0.5, 0.5, 0.5, 0.5, 0.5, 0.5, 0.5, 0.5, 0.5, 0.5, 0.5, 0.5, 0.5, 0.5, 0.5, 0.5, 0.5, 0.5, 0.5, 0.5, 0.5, 0.5, 0.5, 0.278, 0.278, 0.355, 0.556, 0.556, 0.889, 0.667, 0.191, 0.333, 0.333, 0.389, 0.584, 0.278, 0.333, 0.278, 0.278, 0.556, 0.556, 0.556, 0.556, 0.556, 0.556, 0.556, 0.556, 0.556, 0.556, 0.278, 0.278, 0.584, 0.584, 0.584, 0.556, 1.015, 0.667, 0.667, 0.722, 0.722, 0.667, 0.611, 0.778, 0.722, 0.278, 0.5, 0.667, 0.556, 0.833, 0.722, 0.778, 0.667, 0.778, 0.722, 0.667, 0.611, 0.722, 0.667, 0.944, 0.667, 0.667, 0.611, 0.278, 0.278, 0.277, 0.469, 0.556, 0.333, 0.556, 0.556, 0.5, 0.556, 0.556, 0.278, 0.556, 0.556, 0.222, 0.222, 0.5, 0.222, 0.833, 0.556, 0.556, 0.556, 0.556, 0.333, 0.5, 0.278, 0.556, 0.5, 0.722, 0.5, 0.5, 0.5, 0.334, 0.26, 0.334, 0.584, 0.5, 0.655, 0.5, 0.222, 0.278, 0.333, 1, 0.556, 0.556, 0.333, 1, 0.667, 0.25, 1, 0.5, 0.611, 0.5, 0.5, 0.222, 0.221, 0.333, 0.333, 0.35, 0.556, 1, 0.333, 1, 0.5, 0.25, 0.938, 0.5, 0.5, 0.667, 0.278, 0.278, 0.556, 0.556, 0.556, 0.556, 0.26, 0.556, 0.333, 0.737, 0.37, 0.448, 0.584, 0.333, 0.737, 0.333, 0.606, 0.584, 0.35, 0.35, 0.333, 0.556, 0.537, 0.278, 0.333, 0.35, 0.365, 0.448, 0.869, 0.869, 0.879, 0.556, 0.667, 0.667, 0.667, 0.667, 0.667, 0.667, 1, 0.722, 0.667, 0.667, 0.667, 0.667, 0.278, 0.278, 0.278, 0.278, 0.722, 0.722, 0.778, 0.778, 0.778, 0.778, 0.778, 0.584, 0.778, 0.722, 0.722, 0.722, 0.722, 0.667, 0.666, 0.611, 0.556, 0.556, 0.556, 0.556, 0.556, 0.556, 0.896, 0.5, 0.556, 0.556, 0.556, 0.556, 0.251, 0.251, 0.251, 0.251, 0.556, 0.556, 0.556, 0.556, 0.556, 0.556, 0.556, 0.584, 0.611, 0.556, 0.556, 0.556, 0.556, 0.5, 0.555, 0.5], core.double);
    },
    get C1() {
      return C[1] = dart.constList([0.278, 0.278, 0.278, 0.278, 0.278, 0.278, 0.278, 0.278, 0.278, 0.278, 0.278, 0.278, 0.278, 0.278, 0.278, 0.278, 0.278, 0.278, 0.278, 0.278, 0.278, 0.278, 0.278, 0.278, 0.278, 0.278, 0.278, 0.278, 0.278, 0.278, 0.278, 0.278, 0.278, 0.333, 0.474, 0.556, 0.556, 0.889, 0.722, 0.238, 0.333, 0.333, 0.389, 0.584, 0.278, 0.333, 0.278, 0.278, 0.556, 0.556, 0.556, 0.556, 0.556, 0.556, 0.556, 0.556, 0.556, 0.556, 0.333, 0.333, 0.584, 0.584, 0.584, 0.611, 0.975, 0.722, 0.722, 0.722, 0.722, 0.667, 0.611, 0.778, 0.722, 0.278, 0.556, 0.722, 0.611, 0.833, 0.722, 0.778, 0.667, 0.778, 0.722, 0.667, 0.611, 0.722, 0.667, 0.944, 0.667, 0.667, 0.611, 0.333, 0.278, 0.333, 0.584, 0.556, 0.333, 0.556, 0.611, 0.556, 0.611, 0.556, 0.333, 0.611, 0.611, 0.278, 0.278, 0.556, 0.278, 0.889, 0.611, 0.611, 0.611, 0.611, 0.389, 0.556, 0.333, 0.611, 0.556, 0.778, 0.556, 0.556, 0.5, 0.389, 0.28, 0.389, 0.584, 0.35, 0.556, 0.35, 0.278, 0.556, 0.5, 1, 0.556, 0.556, 0.333, 1, 0.667, 0.333, 1, 0.35, 0.611, 0.35, 0.35, 0.278, 0.278, 0.5, 0.5, 0.35, 0.556, 1, 0.333, 1, 0.556, 0.333, 0.944, 0.35, 0.5, 0.667, 0.278, 0.333, 0.556, 0.556, 0.556, 0.556, 0.28, 0.556, 0.333, 0.737, 0.37, 0.556, 0.584, 0.333, 0.737, 0.333, 0.4, 0.584, 0.333, 0.333, 0.333, 0.611, 0.556, 0.278, 0.333, 0.333, 0.365, 0.556, 0.834, 0.834, 0.834, 0.611, 0.722, 0.722, 0.722, 0.722, 0.722, 0.722, 1, 0.722, 0.667, 0.667, 0.667, 0.667, 0.278, 0.278, 0.278, 0.278, 0.722, 0.722, 0.778, 0.778, 0.778, 0.778, 0.778, 0.584, 0.778, 0.722, 0.722, 0.722, 0.722, 0.667, 0.667, 0.611, 0.556, 0.556, 0.556, 0.556, 0.556, 0.556, 0.889, 0.556, 0.556, 0.556, 0.556, 0.556, 0.278, 0.278, 0.278, 0.278, 0.611, 0.611, 0.611, 0.611, 0.611, 0.611, 0.611, 0.584, 0.611, 0.611, 0.611, 0.611, 0.611, 0.556, 0.611, 0.556], core.double);
    },
    get C2() {
      return C[2] = dart.constList([0.278, 0.278, 0.278, 0.278, 0.278, 0.278, 0.278, 0.278, 0.278, 0.278, 0.278, 0.278, 0.278, 0.278, 0.278, 0.278, 0.278, 0.278, 0.278, 0.278, 0.278, 0.278, 0.278, 0.278, 0.278, 0.278, 0.278, 0.278, 0.278, 0.278, 0.278, 0.278, 0.278, 0.278, 0.355, 0.556, 0.556, 0.889, 0.667, 0.191, 0.333, 0.333, 0.389, 0.584, 0.278, 0.333, 0.278, 0.278, 0.556, 0.556, 0.556, 0.556, 0.556, 0.556, 0.556, 0.556, 0.556, 0.556, 0.278, 0.278, 0.584, 0.584, 0.584, 0.556, 1.015, 0.667, 0.667, 0.722, 0.722, 0.667, 0.611, 0.778, 0.722, 0.278, 0.5, 0.667, 0.556, 0.833, 0.722, 0.778, 0.667, 0.778, 0.722, 0.667, 0.611, 0.722, 0.667, 0.944, 0.667, 0.667, 0.611, 0.278, 0.278, 0.278, 0.469, 0.556, 0.333, 0.556, 0.556, 0.5, 0.556, 0.556, 0.278, 0.556, 0.556, 0.222, 0.222, 0.5, 0.222, 0.833, 0.556, 0.556, 0.556, 0.556, 0.333, 0.5, 0.278, 0.556, 0.5, 0.722, 0.5, 0.5, 0.5, 0.334, 0.26, 0.334, 0.584, 0.35, 0.556, 0.35, 0.222, 0.556, 0.333, 1, 0.556, 0.556, 0.333, 1, 0.667, 0.333, 1, 0.35, 0.611, 0.35, 0.35, 0.222, 0.222, 0.333, 0.333, 0.35, 0.556, 1, 0.333, 1, 0.5, 0.333, 0.944, 0.35, 0.5, 0.667, 0.278, 0.333, 0.556, 0.556, 0.556, 0.556, 0.26, 0.556, 0.333, 0.737, 0.37, 0.556, 0.584, 0.333, 0.737, 0.333, 0.4, 0.584, 0.333, 0.333, 0.333, 0.556, 0.537, 0.278, 0.333, 0.333, 0.365, 0.556, 0.834, 0.834, 0.834, 0.611, 0.667, 0.667, 0.667, 0.667, 0.667, 0.667, 1, 0.722, 0.667, 0.667, 0.667, 0.667, 0.278, 0.278, 0.278, 0.278, 0.722, 0.722, 0.778, 0.778, 0.778, 0.778, 0.778, 0.584, 0.778, 0.722, 0.722, 0.722, 0.722, 0.667, 0.667, 0.611, 0.556, 0.556, 0.556, 0.556, 0.556, 0.556, 0.889, 0.5, 0.556, 0.556, 0.556, 0.556, 0.278, 0.278, 0.278, 0.278, 0.556, 0.556, 0.556, 0.556, 0.556, 0.556, 0.556, 0.584, 0.611, 0.556, 0.556, 0.556, 0.556, 0.5, 0.556, 0.5], core.double);
    },
    get C3() {
      return C[3] = dart.constList([0.25, 0.25, 0.25, 0.25, 0.25, 0.25, 0.25, 0.25, 0.25, 0.25, 0.25, 0.25, 0.25, 0.25, 0.25, 0.25, 0.25, 0.25, 0.25, 0.25, 0.25, 0.25, 0.25, 0.25, 0.25, 0.25, 0.25, 0.25, 0.25, 0.25, 0.25, 0.25, 0.25, 0.333, 0.408, 0.5, 0.5, 0.833, 0.778, 0.18, 0.333, 0.333, 0.5, 0.564, 0.25, 0.333, 0.25, 0.278, 0.5, 0.5, 0.5, 0.5, 0.5, 0.5, 0.5, 0.5, 0.5, 0.5, 0.278, 0.278, 0.564, 0.564, 0.564, 0.444, 0.921, 0.722, 0.667, 0.667, 0.722, 0.611, 0.556, 0.722, 0.722, 0.333, 0.389, 0.722, 0.611, 0.889, 0.722, 0.722, 0.556, 0.722, 0.667, 0.556, 0.611, 0.722, 0.722, 0.944, 0.722, 0.722, 0.611, 0.333, 0.278, 0.333, 0.469, 0.5, 0.333, 0.444, 0.5, 0.444, 0.5, 0.444, 0.333, 0.5, 0.5, 0.278, 0.278, 0.5, 0.278, 0.778, 0.5, 0.5, 0.5, 0.5, 0.333, 0.389, 0.278, 0.5, 0.5, 0.722, 0.5, 0.5, 0.444, 0.48, 0.2, 0.48, 0.541, 0.35, 0.5, 0.35, 0.333, 0.5, 0.444, 1, 0.5, 0.5, 0.333, 1, 0.556, 0.333, 0.889, 0.35, 0.611, 0.35, 0.35, 0.333, 0.333, 0.444, 0.444, 0.35, 0.5, 1, 0.333, 0.98, 0.389, 0.333, 0.722, 0.35, 0.444, 0.722, 0.25, 0.333, 0.5, 0.5, 0.5, 0.5, 0.2, 0.5, 0.333, 0.76, 0.276, 0.5, 0.564, 0.333, 0.76, 0.333, 0.4, 0.564, 0.3, 0.3, 0.333, 0.5, 0.453, 0.25, 0.333, 0.3, 0.31, 0.5, 0.75, 0.75, 0.75, 0.444, 0.722, 0.722, 0.722, 0.722, 0.722, 0.722, 0.889, 0.667, 0.611, 0.611, 0.611, 0.611, 0.333, 0.333, 0.333, 0.333, 0.722, 0.722, 0.722, 0.722, 0.722, 0.722, 0.722, 0.564, 0.722, 0.722, 0.722, 0.722, 0.722, 0.722, 0.556, 0.5, 0.444, 0.444, 0.444, 0.444, 0.444, 0.444, 0.667, 0.444, 0.444, 0.444, 0.444, 0.444, 0.278, 0.278, 0.278, 0.278, 0.5, 0.5, 0.5, 0.5, 0.5, 0.5, 0.5, 0.564, 0.5, 0.5, 0.5, 0.5, 0.5, 0.5, 0.5, 0.5], core.double);
    },
    get C4() {
      return C[4] = dart.constList([0.25, 0.25, 0.25, 0.25, 0.25, 0.25, 0.25, 0.25, 0.25, 0.25, 0.25, 0.25, 0.25, 0.25, 0.25, 0.25, 0.25, 0.25, 0.25, 0.25, 0.25, 0.25, 0.25, 0.25, 0.25, 0.25, 0.25, 0.25, 0.25, 0.25, 0.25, 0.25, 0.25, 0.333, 0.555, 0.5, 0.5, 1, 0.833, 0.278, 0.333, 0.333, 0.5, 0.57, 0.25, 0.333, 0.25, 0.278, 0.5, 0.5, 0.5, 0.5, 0.5, 0.5, 0.5, 0.5, 0.5, 0.5, 0.333, 0.333, 0.57, 0.57, 0.57, 0.5, 0.93, 0.722, 0.667, 0.722, 0.722, 0.667, 0.611, 0.778, 0.778, 0.389, 0.5, 0.778, 0.667, 0.944, 0.722, 0.778, 0.611, 0.778, 0.722, 0.556, 0.667, 0.722, 0.722, 1, 0.722, 0.722, 0.667, 0.333, 0.278, 0.333, 0.581, 0.5, 0.333, 0.5, 0.556, 0.444, 0.556, 0.444, 0.333, 0.5, 0.556, 0.278, 0.333, 0.556, 0.278, 0.833, 0.556, 0.5, 0.556, 0.556, 0.444, 0.389, 0.333, 0.556, 0.5, 0.722, 0.5, 0.5, 0.444, 0.394, 0.22, 0.394, 0.52, 0.35, 0.5, 0.35, 0.333, 0.5, 0.5, 1, 0.5, 0.5, 0.333, 1, 0.556, 0.333, 1, 0.35, 0.667, 0.35, 0.35, 0.333, 0.333, 0.5, 0.5, 0.35, 0.5, 1, 0.333, 1, 0.389, 0.333, 0.722, 0.35, 0.444, 0.722, 0.25, 0.333, 0.5, 0.5, 0.5, 0.5, 0.22, 0.5, 0.333, 0.747, 0.3, 0.5, 0.57, 0.333, 0.747, 0.333, 0.4, 0.57, 0.3, 0.3, 0.333, 0.556, 0.54, 0.25, 0.333, 0.3, 0.33, 0.5, 0.75, 0.75, 0.75, 0.5, 0.722, 0.722, 0.722, 0.722, 0.722, 0.722, 1, 0.722, 0.667, 0.667, 0.667, 0.667, 0.389, 0.389, 0.389, 0.389, 0.722, 0.722, 0.778, 0.778, 0.778, 0.778, 0.778, 0.57, 0.778, 0.722, 0.722, 0.722, 0.722, 0.722, 0.611, 0.556, 0.5, 0.5, 0.5, 0.5, 0.5, 0.5, 0.722, 0.444, 0.444, 0.444, 0.444, 0.444, 0.278, 0.278, 0.278, 0.278, 0.5, 0.556, 0.5, 0.5, 0.5, 0.5, 0.5, 0.57, 0.5, 0.556, 0.556, 0.556, 0.556, 0.5, 0.556, 0.5], core.double);
    },
    get C5() {
      return C[5] = dart.constList([0.25, 0.25, 0.25, 0.25, 0.25, 0.25, 0.25, 0.25, 0.25, 0.25, 0.25, 0.25, 0.25, 0.25, 0.25, 0.25, 0.25, 0.25, 0.25, 0.25, 0.25, 0.25, 0.25, 0.25, 0.25, 0.25, 0.25, 0.25, 0.25, 0.25, 0.25, 0.25, 0.25, 0.389, 0.555, 0.5, 0.5, 0.833, 0.778, 0.278, 0.333, 0.333, 0.5, 0.57, 0.25, 0.333, 0.25, 0.278, 0.5, 0.5, 0.5, 0.5, 0.5, 0.5, 0.5, 0.5, 0.5, 0.5, 0.333, 0.333, 0.57, 0.57, 0.57, 0.5, 0.832, 0.667, 0.667, 0.667, 0.722, 0.667, 0.667, 0.722, 0.778, 0.389, 0.5, 0.667, 0.611, 0.889, 0.722, 0.722, 0.611, 0.722, 0.667, 0.556, 0.611, 0.722, 0.667, 0.889, 0.667, 0.611, 0.611, 0.333, 0.278, 0.333, 0.57, 0.5, 0.333, 0.5, 0.5, 0.444, 0.5, 0.444, 0.333, 0.5, 0.556, 0.278, 0.278, 0.5, 0.278, 0.778, 0.556, 0.5, 0.5, 0.5, 0.389, 0.389, 0.278, 0.556, 0.444, 0.667, 0.5, 0.444, 0.389, 0.348, 0.22, 0.348, 0.57, 0.35, 0.5, 0.35, 0.333, 0.5, 0.5, 1, 0.5, 0.5, 0.333, 1, 0.556, 0.333, 0.944, 0.35, 0.611, 0.35, 0.35, 0.333, 0.333, 0.5, 0.5, 0.35, 0.5, 1, 0.333, 1, 0.389, 0.333, 0.722, 0.35, 0.389, 0.611, 0.25, 0.389, 0.5, 0.5, 0.5, 0.5, 0.22, 0.5, 0.333, 0.747, 0.266, 0.5, 0.606, 0.333, 0.747, 0.333, 0.4, 0.57, 0.3, 0.3, 0.333, 0.576, 0.5, 0.25, 0.333, 0.3, 0.3, 0.5, 0.75, 0.75, 0.75, 0.5, 0.667, 0.667, 0.667, 0.667, 0.667, 0.667, 0.944, 0.667, 0.667, 0.667, 0.667, 0.667, 0.389, 0.389, 0.389, 0.389, 0.722, 0.722, 0.722, 0.722, 0.722, 0.722, 0.722, 0.57, 0.722, 0.722, 0.722, 0.722, 0.722, 0.611, 0.611, 0.5, 0.5, 0.5, 0.5, 0.5, 0.5, 0.5, 0.722, 0.444, 0.444, 0.444, 0.444, 0.444, 0.278, 0.278, 0.278, 0.278, 0.5, 0.556, 0.5, 0.5, 0.5, 0.5, 0.5, 0.57, 0.5, 0.556, 0.556, 0.556, 0.556, 0.444, 0.5, 0.444], core.double);
    },
    get C6() {
      return C[6] = dart.constList([0.25, 0.25, 0.25, 0.25, 0.25, 0.25, 0.25, 0.25, 0.25, 0.25, 0.25, 0.25, 0.25, 0.25, 0.25, 0.25, 0.25, 0.25, 0.25, 0.25, 0.25, 0.25, 0.25, 0.25, 0.25, 0.25, 0.25, 0.25, 0.25, 0.25, 0.25, 0.25, 0.25, 0.333, 0.42, 0.5, 0.5, 0.833, 0.778, 0.214, 0.333, 0.333, 0.5, 0.675, 0.25, 0.333, 0.25, 0.278, 0.5, 0.5, 0.5, 0.5, 0.5, 0.5, 0.5, 0.5, 0.5, 0.5, 0.333, 0.333, 0.675, 0.675, 0.675, 0.5, 0.92, 0.611, 0.611, 0.667, 0.722, 0.611, 0.611, 0.722, 0.722, 0.333, 0.444, 0.667, 0.556, 0.833, 0.667, 0.722, 0.611, 0.722, 0.611, 0.5, 0.556, 0.722, 0.611, 0.833, 0.611, 0.556, 0.556, 0.389, 0.278, 0.389, 0.422, 0.5, 0.333, 0.5, 0.5, 0.444, 0.5, 0.444, 0.278, 0.5, 0.5, 0.278, 0.278, 0.444, 0.278, 0.722, 0.5, 0.5, 0.5, 0.5, 0.389, 0.389, 0.278, 0.5, 0.444, 0.667, 0.444, 0.444, 0.389, 0.4, 0.275, 0.4, 0.541, 0.35, 0.5, 0.35, 0.333, 0.5, 0.556, 0.889, 0.5, 0.5, 0.333, 1, 0.5, 0.333, 0.944, 0.35, 0.556, 0.35, 0.35, 0.333, 0.333, 0.556, 0.556, 0.35, 0.5, 0.889, 0.333, 0.98, 0.389, 0.333, 0.667, 0.35, 0.389, 0.556, 0.25, 0.389, 0.5, 0.5, 0.5, 0.5, 0.275, 0.5, 0.333, 0.76, 0.276, 0.5, 0.675, 0.333, 0.76, 0.333, 0.4, 0.675, 0.3, 0.3, 0.333, 0.5, 0.523, 0.25, 0.333, 0.3, 0.31, 0.5, 0.75, 0.75, 0.75, 0.5, 0.611, 0.611, 0.611, 0.611, 0.611, 0.611, 0.889, 0.667, 0.611, 0.611, 0.611, 0.611, 0.333, 0.333, 0.333, 0.333, 0.722, 0.667, 0.722, 0.722, 0.722, 0.722, 0.722, 0.675, 0.722, 0.722, 0.722, 0.722, 0.722, 0.556, 0.611, 0.5, 0.5, 0.5, 0.5, 0.5, 0.5, 0.5, 0.667, 0.444, 0.444, 0.444, 0.444, 0.444, 0.278, 0.278, 0.278, 0.278, 0.5, 0.5, 0.5, 0.5, 0.5, 0.5, 0.5, 0.675, 0.5, 0.5, 0.5, 0.5, 0.5, 0.444, 0.5, 0.444], core.double);
    },
    get C7() {
      return C[7] = dart.constList([0.587, 0.587, 0.587, 0.587, 0.587, 0.587, 0.587, 0.587, 0.587, 0.587, 0.587, 0.587, 0.587, 0.587, 0.587, 0.587, 0.587, 0.587, 0.587, 0.587, 0.587, 0.587, 0.587, 0.587, 0.587, 0.587, 0.587, 0.587, 0.587, 0.587, 0.587, 0.587, 0.25, 0.333, 0.713, 0.5, 0.549, 0.833, 0.778, 0.439, 0.333, 0.333, 0.5, 0.549, 0.25, 0.549, 0.25, 0.278, 0.5, 0.5, 0.5, 0.5, 0.5, 0.5, 0.5, 0.5, 0.5, 0.5, 0.278, 0.278, 0.549, 0.549, 0.549, 0.444, 0.549, 0.722, 0.667, 0.722, 0.612, 0.611, 0.763, 0.603, 0.722, 0.333, 0.631, 0.722, 0.686, 0.889, 0.722, 0.722, 0.768, 0.741, 0.556, 0.592, 0.611, 0.69, 0.439, 0.768, 0.645, 0.795, 0.611, 0.333, 0.863, 0.333, 0.658, 0.5, 0.5, 0.631, 0.549, 0.549, 0.494, 0.439, 0.521, 0.411, 0.603, 0.329, 0.603, 0.549, 0.549, 0.576, 0.521, 0.549, 0.549, 0.521, 0.549, 0.603, 0.439, 0.576, 0.713, 0.686, 0.493, 0.686, 0.494, 0.48, 0.2, 0.48, 0.549, 0.587, 0.587, 0.587, 0.587, 0.587, 0.587, 0.587, 0.587, 0.587, 0.587, 0.587, 0.587, 0.587, 0.587, 0.587, 0.587, 0.587, 0.587, 0.587, 0.587, 0.587, 0.587, 0.587, 0.587, 0.587, 0.587, 0.587, 0.587, 0.587, 0.587, 0.587, 0.587, 0.587, 0.75, 0.62, 0.247, 0.549, 0.167, 0.713, 0.5, 0.753, 0.753, 0.753, 0.753, 1.042, 0.987, 0.603, 0.987, 0.603, 0.4, 0.549, 0.411, 0.549, 0.549, 0.713, 0.494, 0.46, 0.549, 0.549, 0.549, 0.549, 1, 0.603, 1, 0.658, 0.823, 0.686, 0.795, 0.987, 0.768, 0.768, 0.823, 0.768, 0.768, 0.713, 0.713, 0.713, 0.713, 0.713, 0.713, 0.713, 0.768, 0.713, 0.79, 0.79, 0.89, 0.823, 0.549, 0.25, 0.713, 0.603, 0.603, 1.042, 0.987, 0.603, 0.987, 0.603, 0.494, 0.329, 0.79, 0.79, 0.786, 0.713, 0.384, 0.384, 0.384, 0.384, 0.384, 0.384, 0.494, 0.494, 0.494, 0.494, 0.587, 0.329, 0.274, 0.686, 0.686, 0.686, 0.384, 0.384, 0.384, 0.384, 0.384, 0.384, 0.494, 0.494, 0.494, 0.587], core.double);
    },
    get C8() {
      return C[8] = dart.constList([0.746, 0.746, 0.746, 0.746, 0.746, 0.746, 0.746, 0.746, 0.746, 0.746, 0.746, 0.746, 0.746, 0.746, 0.746, 0.746, 0.746, 0.746, 0.746, 0.746, 0.746, 0.746, 0.746, 0.746, 0.746, 0.746, 0.746, 0.746, 0.746, 0.746, 0.746, 0.746, 0.278, 0.974, 0.961, 0.974, 0.98, 0.719, 0.789, 0.79, 0.791, 0.69, 0.96, 0.939, 0.549, 0.855, 0.911, 0.933, 0.911, 0.945, 0.974, 0.755, 0.846, 0.762, 0.761, 0.571, 0.677, 0.763, 0.76, 0.759, 0.754, 0.494, 0.552, 0.537, 0.577, 0.692, 0.786, 0.788, 0.788, 0.79, 0.793, 0.794, 0.816, 0.823, 0.789, 0.841, 0.823, 0.833, 0.816, 0.831, 0.923, 0.744, 0.723, 0.749, 0.79, 0.792, 0.695, 0.776, 0.768, 0.792, 0.759, 0.707, 0.708, 0.682, 0.701, 0.826, 0.815, 0.789, 0.789, 0.707, 0.687, 0.696, 0.689, 0.786, 0.787, 0.713, 0.791, 0.785, 0.791, 0.873, 0.761, 0.762, 0.762, 0.759, 0.759, 0.892, 0.892, 0.788, 0.784, 0.438, 0.138, 0.277, 0.415, 0.392, 0.392, 0.668, 0.668, 0.746, 0.39, 0.39, 0.317, 0.317, 0.276, 0.276, 0.509, 0.509, 0.41, 0.41, 0.234, 0.234, 0.334, 0.334, 0.746, 0.746, 0.746, 0.746, 0.746, 0.746, 0.746, 0.746, 0.746, 0.746, 0.746, 0.746, 0.746, 0.746, 0.746, 0.746, 0.746, 0.746, 0.746, 0.732, 0.544, 0.544, 0.91, 0.667, 0.76, 0.76, 0.776, 0.595, 0.694, 0.626, 0.788, 0.788, 0.788, 0.788, 0.788, 0.788, 0.788, 0.788, 0.788, 0.788, 0.788, 0.788, 0.788, 0.788, 0.788, 0.788, 0.788, 0.788, 0.788, 0.788, 0.788, 0.788, 0.788, 0.788, 0.788, 0.788, 0.788, 0.788, 0.788, 0.788, 0.788, 0.788, 0.788, 0.788, 0.788, 0.788, 0.788, 0.788, 0.788, 0.788, 0.894, 0.838, 1.016, 0.458, 0.748, 0.924, 0.748, 0.918, 0.927, 0.928, 0.928, 0.834, 0.873, 0.828, 0.924, 0.924, 0.917, 0.93, 0.931, 0.463, 0.883, 0.836, 0.836, 0.867, 0.867, 0.696, 0.696, 0.874, 0.746, 0.874, 0.76, 0.946, 0.771, 0.865, 0.771, 0.888, 0.967, 0.888, 0.831, 0.873, 0.927, 0.97, 0.918, 0.746], core.double);
    }
  }, false);
  var C = Array(9).fill(void 0);
  dart.defineLazy(type1_fonts, {
    /*type1_fonts.helveticaWidths*/get helveticaWidths() {
      return C[0] || CT.C0;
    },
    /*type1_fonts.helveticaBoldWidths*/get helveticaBoldWidths() {
      return C[1] || CT.C1;
    },
    /*type1_fonts.helveticaBoldObliqueWidths*/get helveticaBoldObliqueWidths() {
      return C[1] || CT.C1;
    },
    /*type1_fonts.helveticaObliqueWidths*/get helveticaObliqueWidths() {
      return C[2] || CT.C2;
    },
    /*type1_fonts.timesWidths*/get timesWidths() {
      return C[3] || CT.C3;
    },
    /*type1_fonts.timesBoldWidths*/get timesBoldWidths() {
      return C[4] || CT.C4;
    },
    /*type1_fonts.timesBoldItalicWidths*/get timesBoldItalicWidths() {
      return C[5] || CT.C5;
    },
    /*type1_fonts.timesItalicWidths*/get timesItalicWidths() {
      return C[6] || CT.C6;
    },
    /*type1_fonts.symbolWidths*/get symbolWidths() {
      return C[7] || CT.C7;
    },
    /*type1_fonts.zapfDingbatsWidths*/get zapfDingbatsWidths() {
      return C[8] || CT.C8;
    }
  }, false);
  dart.trackLibraries("packages/pdf/src/pdf/font/type1_fonts.dart", {
    "package:pdf/src/pdf/font/type1_fonts.dart": type1_fonts
  }, {
  }, '{"version":3,"sourceRoot":"","sources":["type1_fonts.dart"],"names":[],"mappings":";;;;;;;;;;;;;;;;;;;;;;;;;;;;;;;;;;;;;;;;;;MAgBmB,2BAAe;;;MA6Bf,+BAAmB;;;MA6BnB,sCAA0B;;;MA6B1B,kCAAsB;;;MA6BtB,uBAAW;;;MA6BX,2BAAe;;;MA4Bf,iCAAqB;;;MA6BrB,6BAAiB;;;MA6BjB,wBAAY;;;MA6BZ,8BAAkB","file":"../../../../../../../../../../../../../packages/pdf/src/pdf/font/type1_fonts.dart.lib.js"}');
  // Exports:
  return {
    src__pdf__font__type1_fonts: type1_fonts
  };
}));

//# sourceMappingURL=type1_fonts.dart.lib.js.map
