define(['dart_sdk'], (function load__packages__hive__src__crypto__aes_tables_dart(dart_sdk) {
  'use strict';
  const core = dart_sdk.core;
  const dart = dart_sdk.dart;
  const dartx = dart_sdk.dartx;
  var aes_tables = Object.create(dart.library);
  dart._checkModuleNullSafetyMode(true);
  dart._checkModuleRuntimeTypes(false);
  const CT = Object.create({
    _: () => (C, CT)
  });
  dart.defineLazy(CT, {
    get C0() {
      return C[0] = dart.constList([99, 124, 119, 123, 242, 107, 111, 197, 48, 1, 103, 43, 254, 215, 171, 118, 202, 130, 201, 125, 250, 89, 71, 240, 173, 212, 162, 175, 156, 164, 114, 192, 183, 253, 147, 38, 54, 63, 247, 204, 52, 165, 229, 241, 113, 216, 49, 21, 4, 199, 35, 195, 24, 150, 5, 154, 7, 18, 128, 226, 235, 39, 178, 117, 9, 131, 44, 26, 27, 110, 90, 160, 82, 59, 214, 179, 41, 227, 47, 132, 83, 209, 0, 237, 32, 252, 177, 91, 106, 203, 190, 57, 74, 76, 88, 207, 208, 239, 170, 251, 67, 77, 51, 133, 69, 249, 2, 127, 80, 60, 159, 168, 81, 163, 64, 143, 146, 157, 56, 245, 188, 182, 218, 33, 16, 255, 243, 210, 205, 12, 19, 236, 95, 151, 68, 23, 196, 167, 126, 61, 100, 93, 25, 115, 96, 129, 79, 220, 34, 42, 144, 136, 70, 238, 184, 20, 222, 94, 11, 219, 224, 50, 58, 10, 73, 6, 36, 92, 194, 211, 172, 98, 145, 149, 228, 121, 231, 200, 55, 109, 141, 213, 78, 169, 108, 86, 244, 234, 101, 122, 174, 8, 186, 120, 37, 46, 28, 166, 180, 198, 232, 221, 116, 31, 75, 189, 139, 138, 112, 62, 181, 102, 72, 3, 246, 14, 97, 53, 87, 185, 134, 193, 29, 158, 225, 248, 152, 17, 105, 217, 142, 148, 155, 30, 135, 233, 206, 85, 40, 223, 140, 161, 137, 13, 191, 230, 66, 104, 65, 153, 45, 15, 176, 84, 187, 22], core.int);
    },
    get C1() {
      return C[1] = dart.constList([82, 9, 106, 213, 48, 54, 165, 56, 191, 64, 163, 158, 129, 243, 215, 251, 124, 227, 57, 130, 155, 47, 255, 135, 52, 142, 67, 68, 196, 222, 233, 203, 84, 123, 148, 50, 166, 194, 35, 61, 238, 76, 149, 11, 66, 250, 195, 78, 8, 46, 161, 102, 40, 217, 36, 178, 118, 91, 162, 73, 109, 139, 209, 37, 114, 248, 246, 100, 134, 104, 152, 22, 212, 164, 92, 204, 93, 101, 182, 146, 108, 112, 72, 80, 253, 237, 185, 218, 94, 21, 70, 87, 167, 141, 157, 132, 144, 216, 171, 0, 140, 188, 211, 10, 247, 228, 88, 5, 184, 179, 69, 6, 208, 44, 30, 143, 202, 63, 15, 2, 193, 175, 189, 3, 1, 19, 138, 107, 58, 145, 17, 65, 79, 103, 220, 234, 151, 242, 207, 206, 240, 180, 230, 115, 150, 172, 116, 34, 231, 173, 53, 133, 226, 249, 55, 232, 28, 117, 223, 110, 71, 241, 26, 113, 29, 41, 197, 137, 111, 183, 98, 14, 170, 24, 190, 27, 252, 86, 62, 75, 198, 210, 121, 32, 154, 219, 192, 254, 120, 205, 90, 244, 31, 221, 168, 51, 136, 7, 199, 49, 177, 18, 16, 89, 39, 128, 236, 95, 96, 81, 127, 169, 25, 181, 74, 13, 45, 229, 122, 159, 147, 201, 156, 239, 160, 224, 59, 77, 174, 42, 245, 176, 200, 235, 187, 60, 131, 83, 153, 97, 23, 43, 4, 126, 186, 119, 214, 38, 225, 105, 20, 99, 85, 33, 12, 125], core.int);
    },
    get C2() {
      return C[2] = dart.constList([1, 2, 4, 8, 16, 32, 64, 128, 27, 54, 108, 216, 171, 77, 154, 47, 94, 188, 99, 198, 151, 53, 106, 212, 179, 125, 250, 239, 197, 145], core.int);
    },
    get C3() {
      return C[3] = dart.constList([2774754246.0, 2222750968.0, 2574743534.0, 2373680118.0, 234025727, 3177933782.0, 2976870366.0, 1422247313, 1345335392, 50397442, 2842126286.0, 2099981142, 436141799, 1658312629, 3870010189.0, 2591454956.0, 1170918031, 2642575903.0, 1086966153, 2273148410.0, 368769775, 3948501426.0, 3376891790.0, 200339707, 3970805057.0, 1742001331, 4255294047.0, 3937382213.0, 3214711843.0, 4154762323.0, 2524082916.0, 1539358875, 3266819957.0, 486407649, 2928907069.0, 1780885068, 1513502316, 1094664062, 49805301, 1338821763, 1546925160, 4104496465.0, 887481809, 150073849, 2473685474.0, 1943591083, 1395732834, 1058346282, 201589768, 1388824469, 1696801606, 1589887901, 672667696, 2711000631.0, 251987210, 3046808111.0, 151455502, 907153956, 2608889883.0, 1038279391, 652995533, 1764173646, 3451040383.0, 2675275242.0, 453576978, 2659418909.0, 1949051992, 773462580, 756751158, 2993581788.0, 3998898868.0, 4221608027.0, 4132590244.0, 1295727478, 1641469623, 3467883389.0, 2066295122, 1055122397, 1898917726, 2542044179.0, 4115878822.0, 1758581177, 0, 753790401, 1612718144, 536673507, 3367088505.0, 3982187446.0, 3194645204.0, 1187761037, 3653156455.0, 1262041458, 3729410708.0, 3561770136.0, 3898103984.0, 1255133061, 1808847035, 720367557, 3853167183.0, 385612781, 3309519750.0, 3612167578.0, 1429418854, 2491778321.0, 3477423498.0, 284817897, 100794884, 2172616702.0, 4031795360.0, 1144798328, 3131023141.0, 3819481163.0, 4082192802.0, 4272137053.0, 3225436288.0, 2324664069.0, 2912064063.0, 3164445985.0, 1211644016, 83228145, 3753688163.0, 3249976951.0, 1977277103, 1663115586, 806359072, 452984805, 250868733, 1842533055, 1288555905, 336333848, 890442534, 804056259, 3781124030.0, 2727843637.0, 3427026056.0, 957814574, 1472513171, 4071073621.0, 2189328124.0, 1195195770, 2892260552.0, 3881655738.0, 723065138, 2507371494.0, 2690670784.0, 2558624025.0, 3511635870.0, 2145180835, 1713513028, 2116692564, 2878378043.0, 2206763019.0, 3393603212.0, 703524551, 3552098411.0, 1007948840, 2044649127, 3797835452.0, 487262998, 1994120109, 1004593371, 1446130276, 1312438900, 503974420, 3679013266.0, 168166924, 1814307912, 3831258296.0, 1573044895, 1859376061, 4021070915.0, 2791465668.0, 2828112185.0, 2761266481.0, 937747667, 2339994098.0, 854058965, 1137232011, 1496790894, 3077402074.0, 2358086913.0, 1691735473, 3528347292.0, 3769215305.0, 3027004632.0, 4199962284.0, 133494003, 636152527, 2942657994.0, 2390391540.0, 3920539207.0, 403179536, 3585784431.0, 2289596656.0, 1864705354, 1915629148, 605822008, 4054230615.0, 3350508659.0, 1371981463, 602466507, 2094914977, 2624877800.0, 555687742, 3712699286.0, 3703422305.0, 2257292045.0, 2240449039.0, 2423288032.0, 1111375484, 3300242801.0, 2858837708.0, 3628615824.0, 84083462, 32962295, 302911004, 2741068226.0, 1597322602, 4183250862.0, 3501832553.0, 2441512471.0, 1489093017, 656219450, 3114180135.0, 954327513, 335083755, 3013122091.0, 856756514, 3144247762.0, 1893325225, 2307821063.0, 2811532339.0, 3063651117.0, 572399164, 2458355477.0, 552200649, 1238290055, 4283782570.0, 2015897680, 2061492133, 2408352771.0, 4171342169.0, 2156497161.0, 386731290, 3669999461.0, 837215959, 3326231172.0, 3093850320.0, 3275833730.0, 2962856233.0, 1999449434, 286199582, 3417354363.0, 4233385128.0, 3602627437.0, 974525996], core.int);
    },
    get C4() {
      return C[4] = dart.constList([1667483301, 2088564868, 2004348569, 2071721613, 4076011277.0, 1802229437, 1869602481, 3318059348.0, 808476752, 16843267, 1734856361, 724260477, 4278118169.0, 3621238114.0, 2880130534.0, 1987505306, 3402272581.0, 2189565853.0, 3385428288.0, 2105408135, 4210749205.0, 1499050731, 1195871945, 4042324747.0, 2913812972.0, 3570709351.0, 2728550397.0, 2947499498.0, 2627478463.0, 2762232823.0, 1920132246, 3233848155.0, 3082253762.0, 4261273884.0, 2475900334.0, 640044138, 909536346, 1061125697, 4160222466.0, 3435955023.0, 875849820, 2779075060.0, 3857043764.0, 4059166984.0, 1903288979, 3638078323.0, 825320019, 353708607, 67373068, 3351745874.0, 589514341, 3284376926.0, 404238376, 2526427041.0, 84216335, 2593796021.0, 117902857, 303178806, 2155879323.0, 3806519101.0, 3958099238.0, 656887401, 2998042573.0, 1970662047, 151589403, 2206408094.0, 741103732, 437924910, 454768173, 1852759218, 1515893998, 2694863867.0, 1381147894, 993752653, 3604395873.0, 3014884814.0, 690573947, 3823361342.0, 791633521, 2223248279.0, 1397991157, 3520182632.0, 0, 3991781676.0, 538984544, 4244431647.0, 2981198280.0, 1532737261, 1785386174, 3419114822.0, 3200149465.0, 960066123, 1246401758, 1280088276, 1482207464, 3486483786.0, 3503340395.0, 4025468202.0, 2863288293.0, 4227591446.0, 1128498885, 1296931543, 859006549, 2240090516.0, 1162185423, 4193904912.0, 33686534, 2139094657, 1347461360, 1010595908, 2678007226.0, 2829601763.0, 1364304627, 2745392638.0, 1077969088, 2408514954.0, 2459058093.0, 2644320700.0, 943222856, 4126535940.0, 3166462943.0, 3065411521.0, 3671764853.0, 555827811, 269492272, 4294960410.0, 4092853518.0, 3537026925.0, 3452797260.0, 202119188, 320022069, 3974939439.0, 1600110305, 2543269282.0, 1145342156, 387395129, 3301217111.0, 2812761586.0, 2122251394, 1027439175, 1684326572, 1566423783, 421081643, 1936975509, 1616953504, 2172721560.0, 1330618065, 3705447295.0, 572671078, 707417214, 2425371563.0, 2290617219.0, 1179028682, 4008625961.0, 3099093971.0, 336865340, 3739133817.0, 1583267042, 185275933, 3688607094.0, 3772832571.0, 842163286, 976909390, 168432670, 1229558491, 101059594, 606357612, 1549580516, 3267534685.0, 3553869166.0, 2896970735.0, 1650640038, 2442213800.0, 2509582756.0, 3840201527.0, 2038035083, 3890730290.0, 3368586051.0, 926379609, 1835915959, 2374828428.0, 3587551588.0, 1313774802, 2846444000.0, 1819072692, 1448520954, 4109693703.0, 3941256997.0, 1701169839, 2054878350, 2930657257.0, 134746136, 3132780501.0, 2021191816, 623200879, 774790258, 471611428, 2795919345.0, 3031724999.0, 3334903633.0, 3907570467.0, 3722289532.0, 1953818780, 522141217, 1263245021, 3183305180.0, 2341145990.0, 2324303749.0, 1886445712, 1044282434, 3048567236.0, 1718013098, 1212715224, 50529797, 4143380225.0, 235805714, 1633796771, 892693087, 1465364217, 3115936208.0, 2256934801.0, 3250690392.0, 488454695, 2661164985.0, 3789674808.0, 4177062675.0, 2560109491.0, 286335539, 1768542907, 3654920560.0, 2391672713.0, 2492740519.0, 2610638262.0, 505297954, 2273777042.0, 3924412704.0, 3469641545.0, 1431677695, 673730680, 3755976058.0, 2357986191.0, 2711706104.0, 2307459456.0, 218962455, 3216991706.0, 3873888049.0, 1111655622, 1751699640, 1094812355, 2576951728.0, 757946999, 252648977, 2964356043.0, 1414834428, 3149622742.0, 370551866], core.int);
    },
    get C5() {
      return C[5] = dart.constList([1673962851, 2096661628, 2012125559, 2079755643, 4076801522.0, 1809235307, 1876865391, 3314635973.0, 811618352, 16909057, 1741597031, 727088427, 4276558334.0, 3618988759.0, 2874009259.0, 1995217526, 3398387146.0, 2183110018.0, 3381215433.0, 2113570685, 4209972730.0, 1504897881, 1200539975, 4042984432.0, 2906778797.0, 3568527316.0, 2724199842.0, 2940594863.0, 2619588508.0, 2756966308.0, 1927583346, 3231407040.0, 3077948087.0, 4259388669.0, 2470293139.0, 642542118, 913070646, 1065238847, 4160029431.0, 3431157708.0, 879254580, 2773611685.0, 3855693029.0, 4059629809.0, 1910674289, 3635114968.0, 828527409, 355090197, 67636228, 3348452039.0, 591815971, 3281870531.0, 405809176, 2520228246.0, 84545285, 2586817946.0, 118360327, 304363026, 2149292928.0, 3806281186.0, 3956090603.0, 659450151, 2994720178.0, 1978310517, 152181513, 2199756419.0, 743994412, 439627290, 456535323, 1859957358, 1521806938, 2690382752.0, 1386542674, 997608763, 3602342358.0, 3011366579.0, 693271337, 3822927587.0, 794718511, 2215876484.0, 1403450707, 3518589137.0, 0, 3988860141.0, 541089824, 4242743292.0, 2977548465.0, 1538714971, 1792327274, 3415033547.0, 3194476990.0, 963791673, 1251270218, 1285084236, 1487988824, 3481619151.0, 3501943760.0, 4022676207.0, 2857362858.0, 4226619131.0, 1132905795, 1301993293, 862344499, 2232521861.0, 1166724933, 4192801017.0, 33818114, 2147385727, 1352724560, 1014514748, 2670049951.0, 2823545768.0, 1369633617, 2740846243.0, 1082179648, 2399505039.0, 2453646738.0, 2636233885.0, 946882616, 4126213365.0, 3160661948.0, 3061301686.0, 3668932058.0, 557998881, 270544912, 4293204735.0, 4093447923.0, 3535760850.0, 3447803085.0, 202904588, 321271059, 3972214764.0, 1606345055, 2536874647.0, 1149815876, 388905239, 3297990596.0, 2807427751.0, 2130477694, 1031423805, 1690872932, 1572530013, 422718233, 1944491379, 1623236704, 2165938305.0, 1335808335, 3701702620.0, 574907938, 710180394, 2419829648.0, 2282455944.0, 1183631942, 4006029806.0, 3094074296.0, 338181140, 3735517662.0, 1589437022, 185998603, 3685578459.0, 3772464096.0, 845436466, 980700730, 169090570, 1234361161, 101452294, 608726052, 1555620956, 3265224130.0, 3552407251.0, 2890133420.0, 1657054818, 2436475025.0, 2503058581.0, 3839047652.0, 2045938553, 3889509095.0, 3364570056.0, 929978679, 1843050349, 2365688973.0, 3585172693.0, 1318900302, 2840191145.0, 1826141292, 1454176854, 4109567988.0, 3939444202.0, 1707781989, 2062847610, 2923948462.0, 135272456, 3127891386.0, 2029029496, 625635109, 777810478, 473441308, 2790781350.0, 3027486644.0, 3331805638.0, 3905627112.0, 3718347997.0, 1961401460, 524165407, 1268178251, 3177307325.0, 2332919435.0, 2316273034.0, 1893765232, 1048330814, 3044132021.0, 1724688998, 1217452104, 50726147, 4143383030.0, 236720654, 1640145761, 896163637, 1471084887, 3110719673.0, 2249691526.0, 3248052417.0, 490350365, 2653403550.0, 3789109473.0, 4176155640.0, 2553000856.0, 287453969, 1775418217, 3651760345.0, 2382858638.0, 2486413204.0, 2603464347.0, 507257374, 2266337927.0, 3922272489.0, 3464972750.0, 1437269845, 676362280, 3752164063.0, 2349043596.0, 2707028129.0, 2299101321.0, 219813645, 3211123391.0, 3872862694.0, 1115997762, 1758509160, 1099088705, 2569646233.0, 760903469, 253628687, 2960903088.0, 1420360788, 3144537787.0, 371997206], core.int);
    },
    get C6() {
      return C[6] = dart.constList([3332727651.0, 4169432188.0, 4003034999.0, 4136467323.0, 4279104242.0, 3602738027.0, 3736170351.0, 2438251973.0, 1615867952, 33751297, 3467208551.0, 1451043627, 3877240574.0, 3043153879.0, 1306962859, 3969545846.0, 2403715786.0, 530416258, 2302724553.0, 4203183485.0, 4011195130.0, 3001768281.0, 2395555655.0, 4211863792.0, 1106029997, 3009926356.0, 1610457762, 1173008303, 599760028, 1408738468, 3835064946.0, 2606481600.0, 1975695287, 3776773629.0, 1034851219, 1282024998, 1817851446, 2118205247, 4110612471.0, 2203045068.0, 1750873140, 1374987685, 3509904869.0, 4178113009.0, 3801313649.0, 2876496088.0, 1649619249, 708777237, 135005188, 2505230279.0, 1181033251, 2640233411.0, 807933976, 933336726, 168756485, 800430746, 235472647, 607523346, 463175808, 3745374946.0, 3441880043.0, 1315514151, 2144187058, 3936318837.0, 303761673, 496927619, 1484008492, 875436570, 908925723, 3702681198.0, 3035519578.0, 1543217312, 2767606354.0, 1984772923, 3076642518.0, 2110698419, 1383803177, 3711886307.0, 1584475951, 328696964, 2801095507.0, 3110654417.0, 0, 3240947181.0, 1080041504, 3810524412.0, 2043195825, 3069008731.0, 3569248874.0, 2370227147.0, 1742323390, 1917532473, 2497595978.0, 2564049996.0, 2968016984.0, 2236272591.0, 3144405200.0, 3307925487.0, 1340451498, 3977706491.0, 2261074755.0, 2597801293.0, 1716859699, 294946181, 2328839493.0, 3910203897.0, 67502594, 4269899647.0, 2700103760.0, 2017737788, 632987551, 1273211048, 2733855057.0, 1576969123, 2160083008.0, 92966799, 1068339858, 566009245, 1883781176, 4043634165.0, 1675607228, 2009183926, 2943736538.0, 1113792801, 540020752, 3843751935.0, 4245615603.0, 3211645650.0, 2169294285.0, 403966988, 641012499, 3274697964.0, 3202441055.0, 899848087, 2295088196.0, 775493399, 2472002756.0, 1441965991, 4236410494.0, 2051489085, 3366741092.0, 3135724893.0, 841685273, 3868554099.0, 3231735904.0, 429425025, 2664517455.0, 2743065820.0, 1147544098, 1417554474, 1001099408, 193169544, 2362066502.0, 3341414126.0, 1809037496, 675025940, 2809781982.0, 3168951902.0, 371002123, 2910247899.0, 3678134496.0, 1683370546, 1951283770, 337512970, 2463844681.0, 201983494, 1215046692, 3101973596.0, 2673722050.0, 3178157011.0, 1139780780, 3299238498.0, 967348625, 832869781, 3543655652.0, 4069226873.0, 3576883175.0, 2336475336.0, 1851340599, 3669454189.0, 25988493, 2976175573.0, 2631028302.0, 1239460265, 3635702892.0, 2902087254.0, 4077384948.0, 3475368682.0, 3400492389.0, 4102978170.0, 1206496942, 270010376, 1876277946, 4035475576.0, 1248797989, 1550986798, 941890588, 1475454630, 1942467764, 2538718918.0, 3408128232.0, 2709315037.0, 3902567540.0, 1042358047, 2531085131.0, 1641856445, 226921355, 260409994, 3767562352.0, 2084716094, 1908716981, 3433719398.0, 2430093384.0, 100991747, 4144101110.0, 470945294, 3265487201.0, 1784624437, 2935576407.0, 1775286713, 395413126, 2572730817.0, 975641885, 666476190, 3644383713.0, 3943954680.0, 733190296, 573772049, 3535497577.0, 2842745305.0, 126455438, 866620564, 766942107, 1008868894, 361924487, 3374377449.0, 2269761230.0, 2868860245.0, 1350051880, 2776293343.0, 59739276, 1509466529, 159418761, 437718285, 1708834751, 3610371814.0, 2227585602.0, 3501746280.0, 2193834305.0, 699439513, 1517759789, 504434447, 2076946608, 2835108948.0, 1842789307, 742004246], core.int);
    },
    get C7() {
      return C[7] = dart.constList([1353184337, 1399144830, 3282310938.0, 2522752826.0, 3412831035.0, 4047871263.0, 2874735276.0, 2466505547.0, 1442459680, 4134368941.0, 2440481928.0, 625738485, 4242007375.0, 3620416197.0, 2151953702.0, 2409849525.0, 1230680542, 1729870373, 2551114309.0, 3787521629.0, 41234371, 317738113, 2744600205.0, 3338261355.0, 3881799427.0, 2510066197.0, 3950669247.0, 3663286933.0, 763608788, 3542185048.0, 694804553, 1154009486, 1787413109, 2021232372, 1799248025, 3715217703.0, 3058688446.0, 397248752, 1722556617, 3023752829.0, 407560035, 2184256229.0, 1613975959, 1165972322, 3765920945.0, 2226023355.0, 480281086, 2485848313.0, 1483229296, 436028815, 2272059028.0, 3086515026.0, 601060267, 3791801202.0, 1468997603, 715871590, 120122290, 63092015, 2591802758.0, 2768779219.0, 4068943920.0, 2997206819.0, 3127509762.0, 1552029421, 723308426, 2461301159.0, 4042393587.0, 2715969870.0, 3455375973.0, 3586000134.0, 526529745, 2331944644.0, 2639474228.0, 2689987490.0, 853641733, 1978398372, 971801355, 2867814464.0, 111112542, 1360031421, 4186579262.0, 1023860118, 2919579357.0, 1186850381, 3045938321.0, 90031217, 1876166148, 4279586912.0, 620468249, 2548678102.0, 3426959497.0, 2006899047, 3175278768.0, 2290845959.0, 945494503, 3689859193.0, 1191869601, 3910091388.0, 3374220536.0, 0, 2206629897.0, 1223502642, 2893025566.0, 1316117100, 4227796733.0, 1446544655, 517320253, 658058550, 1691946762, 564550760, 3511966619.0, 976107044, 2976320012.0, 266819475, 3533106868.0, 2660342555.0, 1338359936, 2720062561.0, 1766553434, 370807324, 179999714, 3844776128.0, 1138762300, 488053522, 185403662, 2915535858.0, 3114841645.0, 3366526484.0, 2233069911.0, 1275557295, 3151862254.0, 4250959779.0, 2670068215.0, 3170202204.0, 3309004356.0, 880737115, 1982415755, 3703972811.0, 1761406390, 1676797112, 3403428311.0, 277177154, 1076008723, 538035844, 2099530373, 4164795346.0, 288553390, 1839278535, 1261411869, 4080055004.0, 3964831245.0, 3504587127.0, 1813426987, 2579067049.0, 4199060497.0, 577038663, 3297574056.0, 440397984, 3626794326.0, 4019204898.0, 3343796615.0, 3251714265.0, 4272081548.0, 906744984, 3481400742.0, 685669029, 646887386, 2764025151.0, 3835509292.0, 227702864, 2613862250.0, 1648787028, 3256061430.0, 3904428176.0, 1593260334, 4121936770.0, 3196083615.0, 2090061929, 2838353263.0, 3004310991.0, 999926984, 2809993232.0, 1852021992, 2075868123, 158869197, 4095236462.0, 28809964, 2828685187.0, 1701746150, 2129067946, 147831841, 3873969647.0, 3650873274.0, 3459673930.0, 3557400554.0, 3598495785.0, 2947720241.0, 824393514, 815048134, 3227951669.0, 935087732, 2798289660.0, 2966458592.0, 366520115, 1251476721, 4158319681.0, 240176511, 804688151, 2379631990.0, 1303441219, 1414376140, 3741619940.0, 3820343710.0, 461924940, 3089050817.0, 2136040774, 82468509, 1563790337, 1937016826, 776014843, 1511876531, 1389550482, 861278441, 323475053, 2355222426.0, 2047648055, 2383738969.0, 2302415851.0, 3995576782.0, 902390199, 3991215329.0, 1018251130, 1507840668, 1064563285, 2043548696, 3208103795.0, 3939366739.0, 1537932639, 342834655, 2262516856.0, 2180231114.0, 1053059257, 741614648, 1598071746, 1925389590, 203809468, 2336832552.0, 1100287487, 1895934009, 3736275976.0, 2632234200.0, 2428589668.0, 1636092795, 1890988757, 1952214088, 1113045200], core.int);
    },
    get C8() {
      return C[8] = dart.constList([2817806672.0, 1698790995, 2752977603.0, 1579629206, 1806384075, 1167925233, 1492823211, 65227667, 4197458005.0, 1836494326, 1993115793, 1275262245, 3622129660.0, 3408578007.0, 1144333952, 2741155215.0, 1521606217, 465184103, 250234264, 3237895649.0, 1966064386, 4031545618.0, 2537983395.0, 4191382470.0, 1603208167, 2626819477.0, 2054012907, 1498584538, 2210321453.0, 561273043, 1776306473, 3368652356.0, 2311222634.0, 2039411832, 1045993835, 1907959773, 1340194486, 2911432727.0, 2887829862.0, 986611124, 1256153880, 823846274, 860985184, 2136171077, 2003087840, 2926295940.0, 2692873756.0, 722008468, 1749577816, 4249194265.0, 1826526343, 4168831671.0, 3547573027.0, 38499042, 2401231703.0, 2874500650.0, 686535175, 3266653955.0, 2076542618, 137876389, 2267558130.0, 2780767154.0, 1778582202, 2182540636.0, 483363371, 3027871634.0, 4060607472.0, 3798552225.0, 4107953613.0, 3188000469.0, 1647628575, 4272342154.0, 1395537053, 1442030240, 3783918898.0, 3958809717.0, 3968011065.0, 4016062634.0, 2675006982.0, 275692881, 2317434617.0, 115185213, 88006062, 3185986886.0, 2371129781.0, 1573155077, 3557164143.0, 357589247, 4221049124.0, 3921532567.0, 1128303052, 2665047927.0, 1122545853, 2341013384.0, 1528424248, 4006115803.0, 175939911, 256015593, 512030921, 0, 2256537987.0, 3979031112.0, 1880170156, 1918528590, 4279172603.0, 948244310, 3584965918.0, 959264295, 3641641572.0, 2791073825.0, 1415289809, 775300154, 1728711857, 3881276175.0, 2532226258.0, 2442861470.0, 3317727311.0, 551313826, 1266113129, 437394454, 3130253834.0, 715178213, 3760340035.0, 387650077, 218697227, 3347837613.0, 2830511545.0, 2837320904.0, 435246981, 125153100, 3717852859.0, 1618977789, 637663135, 4117912764.0, 996558021, 2130402100, 692292470, 3324234716.0, 4243437160.0, 4058298467.0, 3694254026.0, 2237874704.0, 580326208, 298222624, 608863613, 1035719416, 855223825, 2703869805.0, 798891339, 817028339, 1384517100, 3821107152.0, 380840812, 3111168409.0, 1217663482, 1693009698, 2365368516.0, 1072734234, 746411736, 2419270383.0, 1313441735, 3510163905.0, 2731183358.0, 198481974, 2180359887.0, 3732579624.0, 2394413606.0, 3215802276.0, 2637835492.0, 2457358349.0, 3428805275.0, 1182684258, 328070850, 3101200616.0, 4147719774.0, 2948825845.0, 2153619390.0, 2479909244.0, 768962473, 304467891, 2578237499.0, 2098729127, 1671227502, 3141262203.0, 2015808777, 408514292, 3080383489.0, 2588902312.0, 1855317605, 3875515006.0, 3485212936.0, 3893751782.0, 2615655129.0, 913263310, 161475284, 2091919830, 2997105071.0, 591342129, 2493892144.0, 1721906624, 3159258167.0, 3397581990.0, 3499155632.0, 3634836245.0, 2550460746.0, 3672916471.0, 1355644686, 4136703791.0, 3595400845.0, 2968470349.0, 1303039060, 76997855, 3050413795.0, 2288667675.0, 523026872, 1365591679, 3932069124.0, 898367837, 1955068531, 1091304238, 493335386, 3537605202.0, 1443948851, 1205234963, 1641519756, 211892090, 351820174, 1007938441, 665439982, 3378624309.0, 3843875309.0, 2974251580.0, 3755121753.0, 1945261375, 3457423481.0, 935818175, 3455538154.0, 2868731739.0, 1866325780, 3678697606.0, 4088384129.0, 3295197502.0, 874788908, 1084473951, 3273463410.0, 635616268, 1228679307, 2500722497.0, 27801969, 3003910366.0, 3837057180.0, 3243664528.0, 2227927905.0, 3056784752.0, 1550600308, 1471729730], core.int);
    },
    get C9() {
      return C[9] = dart.constList([4098969767.0, 1098797925, 387629988, 658151006, 2872822635.0, 2636116293.0, 4205620056.0, 3813380867.0, 807425530, 1991112301, 3431502198.0, 49620300, 3847224535.0, 717608907, 891715652, 1656065955, 2984135002.0, 3123013403.0, 3930429454.0, 4267565504.0, 801309301, 1283527408, 1183687575, 3547055865.0, 2399397727.0, 2450888092.0, 1841294202, 1385552473, 3201576323.0, 1951978273, 3762891113.0, 3381544136.0, 3262474889.0, 2398386297.0, 1486449470, 3106397553.0, 3787372111.0, 2297436077.0, 550069932, 3464344634.0, 3747813450.0, 451248689, 1368875059, 1398949247, 1689378935, 1807451310, 2180914336.0, 150574123, 1215322216, 1167006205, 3734275948.0, 2069018616, 1940595667, 1265820162, 534992783, 1432758955, 3954313000.0, 3039757250.0, 3313932923.0, 936617224, 674296455, 3206787749.0, 50510442, 384654466, 3481938716.0, 2041025204, 133427442, 1766760930, 3664104948.0, 84334014, 886120290, 2797898494.0, 775200083, 4087521365.0, 2315596513.0, 4137973227.0, 2198551020.0, 1614850799, 1901987487, 1857900816, 557775242, 3717610758.0, 1054715397, 3863824061.0, 1418835341, 3295741277.0, 100954068, 1348534037, 2551784699.0, 3184957417.0, 1082772547, 3647436702.0, 3903896898.0, 2298972299.0, 434583643, 3363429358.0, 2090944266, 1115482383, 2230896926.0, 0, 2148107142.0, 724715757, 287222896, 1517047410, 251526143, 2232374840.0, 2923241173.0, 758523705, 252339417, 1550328230, 1536938324, 908343854, 168604007, 1469255655, 4004827798.0, 2602278545.0, 3229634501.0, 3697386016.0, 2002413899, 303830554, 2481064634.0, 2696996138.0, 574374880, 454171927, 151915277, 2347937223.0, 3056449960.0, 504678569, 4049044761.0, 1974422535, 2582559709.0, 2141453664, 33005350, 1918680309, 1715782971, 4217058430.0, 1133213225, 600562886, 3988154620.0, 3837289457.0, 836225756, 1665273989, 2534621218.0, 3330547729.0, 1250262308, 3151165501.0, 4188934450.0, 700935585, 2652719919.0, 3000824624.0, 2249059410.0, 3245854947.0, 3005967382.0, 1890163129, 2484206152.0, 3913753188.0, 4238918796.0, 4037024319.0, 2102843436, 857927568, 1233635150, 953795025, 3398237858.0, 3566745099.0, 4121350017.0, 2057644254, 3084527246.0, 2906629311.0, 976020637, 2018512274, 1600822220, 2119459398, 2381758995.0, 3633375416.0, 959340279, 3280139695.0, 1570750080, 3496574099.0, 3580864813.0, 634368786, 2898803609.0, 403744637, 2632478307.0, 1004239803, 650971512, 1500443672, 2599158199.0, 1334028442, 2514904430.0, 4289363686.0, 3156281551.0, 368043752, 3887782299.0, 1867173430, 2682967049.0, 2955531900.0, 2754719666.0, 1059729699, 2781229204.0, 2721431654.0, 1316239292, 2197595850.0, 2430644432.0, 2805143000.0, 82922136, 3963746266.0, 3447656016.0, 2434215926.0, 1299615190, 4014165424.0, 2865517645.0, 2531581700.0, 3516851125.0, 1783372680, 750893087, 1699118929, 1587348714, 2348899637.0, 2281337716.0, 201010753, 1739807261, 3683799762.0, 283718486, 3597472583.0, 3617229921.0, 2704767500.0, 4166618644.0, 334203196, 2848910887.0, 1639396809, 484568549, 1199193265, 3533461983.0, 4065673075.0, 337148366, 3346251575.0, 4149471949.0, 4250885034.0, 1038029935, 1148749531, 2949284339.0, 1756970692, 607661108, 2747424576.0, 488010435, 3803974693.0, 1009290057, 234832277, 2822336769.0, 201907891, 3034094820.0, 1449431233, 3413860740.0, 852848822, 1816687708, 3100656215.0], core.int);
    },
    get C10() {
      return C[10] = dart.constList([1364240372, 2119394625, 449029143, 982933031, 1003187115, 535905693, 2896910586.0, 1267925987, 542505520, 2918608246.0, 2291234508.0, 4112862210.0, 1341970405, 3319253802.0, 645940277, 3046089570.0, 3729349297.0, 627514298, 1167593194, 1575076094, 3271718191.0, 2165502028.0, 2376308550.0, 1808202195, 65494927, 362126482, 3219880557.0, 2514114898.0, 3559752638.0, 1490231668, 1227450848, 2386872521.0, 1969916354, 4101536142.0, 2573942360.0, 668823993, 3199619041.0, 4028083592.0, 3378949152.0, 2108963534, 1662536415, 3850514714.0, 2539664209.0, 1648721747, 2984277860.0, 3146034795.0, 4263288961.0, 4187237128.0, 1884842056, 2400845125.0, 2491903198.0, 1387788411, 2871251827.0, 1927414347, 3814166303.0, 1714072405, 2986813675.0, 788775605, 2258271173.0, 3550808119.0, 821200680, 598910399, 45771267, 3982262806.0, 2318081231.0, 2811409529.0, 4092654087.0, 1319232105, 1707996378, 114671109, 3508494900.0, 3297443494.0, 882725678, 2728416755.0, 87220618, 2759191542.0, 188345475, 1084944224, 1577492337, 3176206446.0, 1056541217, 2520581853.0, 3719169342.0, 1296481766, 2444594516.0, 1896177092, 74437638, 1627329872, 421854104, 3600279997.0, 2311865152.0, 1735892697, 2965193448.0, 126389129, 3879230233.0, 2044456648, 2705787516.0, 2095648578, 4173930116.0, 0, 159614592, 843640107, 514617361, 1817080410, 4261150478.0, 257308805, 1025430958, 908540205, 174381327, 1747035740, 2614187099.0, 607792694, 212952842, 2467293015.0, 3033700078.0, 463376795, 2152711616.0, 1638015196, 1516850039, 471210514, 3792353939.0, 3236244128.0, 1011081250, 303896347, 235605257, 4071475083.0, 767142070, 348694814, 1468340721, 2940995445.0, 4005289369.0, 2751291519.0, 4154402305.0, 1555887474, 1153776486, 1530167035, 2339776835.0, 3420243491.0, 3060333805.0, 3093557732.0, 3620396081.0, 1108378979, 322970263, 2216694214.0, 2239571018.0, 3539484091.0, 2920362745.0, 3345850665.0, 491466654, 3706925234.0, 233591430, 2010178497, 728503987, 2845423984.0, 301615252, 1193436393, 2831453436.0, 2686074864.0, 1457007741, 586125363, 2277985865.0, 3653357880.0, 2365498058.0, 2553678804.0, 2798617077.0, 2770919034.0, 3659959991.0, 1067761581, 753179962, 1343066744, 1788595295, 1415726718, 4139914125.0, 2431170776.0, 777975609, 2197139395.0, 2680062045.0, 1769771984, 1873358293, 3484619301.0, 3359349164.0, 279411992, 3899548572.0, 3682319163.0, 3439949862.0, 1861490777, 3959535514.0, 2208864847.0, 3865407125.0, 2860443391.0, 554225596, 4024887317.0, 3134823399.0, 1255028335, 3939764639.0, 701922480, 833598116, 707863359, 3325072549.0, 901801634, 1949809742, 4238789250.0, 3769684112.0, 857069735, 4048197636.0, 1106762476, 2131644621, 389019281, 1989006925, 1129165039, 3428076970.0, 3839820950.0, 2665723345.0, 1276872810, 3250069292.0, 1182749029, 2634345054.0, 22885772, 4201870471.0, 4214112523.0, 3009027431.0, 2454901467.0, 3912455696.0, 1829980118, 2592891351.0, 930745505, 1502483704, 3951639571.0, 3471714217.0, 3073755489.0, 3790464284.0, 2050797895, 2623135698.0, 1430221810, 410635796, 1941911495, 1407897079, 1599843069, 3742658365.0, 2022103876, 3397514159.0, 3107898472.0, 942421028, 3261022371.0, 376619805, 3154912738.0, 680216892, 4282488077.0, 963707304, 148812556, 3634160820.0, 1687208278, 2069988555, 3580933682.0, 1215585388, 3494008760.0], core.int);
    }
  }, false);
  var C = Array(11).fill(void 0);
  dart.defineLazy(aes_tables, {
    /*aes_tables.sBox*/get sBox() {
      return C[0] || CT.C0;
    },
    /*aes_tables.sBoxInv*/get sBoxInv() {
      return C[1] || CT.C1;
    },
    /*aes_tables.rcon*/get rcon() {
      return C[2] || CT.C2;
    },
    /*aes_tables.table0*/get table0() {
      return C[3] || CT.C3;
    },
    /*aes_tables.table1*/get table1() {
      return C[4] || CT.C4;
    },
    /*aes_tables.table2*/get table2() {
      return C[5] || CT.C5;
    },
    /*aes_tables.table3*/get table3() {
      return C[6] || CT.C6;
    },
    /*aes_tables.table0Inv*/get table0Inv() {
      return C[7] || CT.C7;
    },
    /*aes_tables.table1Inv*/get table1Inv() {
      return C[8] || CT.C8;
    },
    /*aes_tables.table2Inv*/get table2Inv() {
      return C[9] || CT.C9;
    },
    /*aes_tables.table3Inv*/get table3Inv() {
      return C[10] || CT.C10;
    }
  }, false);
  dart.trackLibraries("packages/hive/src/crypto/aes_tables.dart", {
    "package:hive/src/crypto/aes_tables.dart": aes_tables
  }, {
  }, '{"version":3,"sourceRoot":"","sources":["aes_tables.dart"],"names":[],"mappings":";;;;;;;;;;;;;;;;;;;;;;;;;;;;;;;;;;;;;;;;;;;;;;;;MACM,eAAI;;;MAqCJ,kBAAO;;;MAqCP,eAAI;;;MAQJ,iBAAM;;;MAyDN,iBAAM;;;MAyDN,iBAAM;;;MAyDN,iBAAM;;;MAyDN,oBAAS;;;MAyDT,oBAAS;;;MAyDT,oBAAS;;;MAyDT,oBAAS","file":"../../../../../../../../../../../../packages/hive/src/crypto/aes_tables.dart.lib.js"}');
  // Exports:
  return {
    src__crypto__aes_tables: aes_tables
  };
}));

//# sourceMappingURL=aes_tables.dart.lib.js.map
